NPA à checker selon diff entre numéros attribués et numéro présents sur le site.

NB: pour FR et VS, attendre l'intégration des paroisses.

1015 # EPFL / UniL
1023
1046
1047
1052
1068
1093
1122
1201
1215
1216
1298
1337
1400
1484
1527
1528
1529
1530
1543
1545
1551
1553
1562
1563
1564
1583
1625
1626
1627
1628
1630
1632
1633
1634
1635
1636
1637
1638
1642
1643
1644
1645
1646
1647
1648
1649
1651
1652
1653
1654
1656
1657
1661
1663
1665
1666
1667
1669
1670
1673
1674
1675
1676
1677
1678
1679
1680
1681
1684
1685
1686
1687
1688
1689
1690
1691
1692
1694
1695
1696
1697
1700
1712
1713
1714
1715
1716
1717
1718
1719
1720
1721
1722
1723
1724
1725
1726
1727
1728
1730
1731
1732
1733
1734
1735
1736
1737
1738
1740
1741
1742
1744
1745
1746
1747
1748
1749
1752
1753
1754
1756
1757
1762
1763
1772
1773
1774
1776
1782
1783
1784
1785
1791
1792
1793
1794
1797
1800
1814
1870
1871
1890
1891
1895
1896
1897
1898
1899
1902
1903
1904
1905
1906
1907
1908
1911
1912
1913
1914
1918
1923
1925
1926
1928
1929
1932
1938
1943
1944
1946
1958
1962
1967
1975
1976
1977
1978
1982
1984
1985
1986
1988
1991
1992
2124
2340
2360
2362
2363
2364
2512
2513
2514
2518
2520
2532
2540
2542
2543
2544
2545
2552
2553
2554
2555
2556
2557
2558
2560
2562
2563
2564
2565
2572
2575
2576
2577
2605
2610
2613
2615
2714
2717
2718
2723
2748
2803
2814
2887
2903
2904
